t0
4.015570653593011 4.8805880985800085 0 0
11.916626540256276 10.36918947344819 0 0
2.5236132106036115 10.989554503420722 0 0
7.802221989454971 4.657658679130175 0 0
5.103887082495348 9.841811546102784 0 0
4.025446796863723 7.490017883778539 0 0
8.405969345929513 9.563788517396908 0 0
1.4885046097816956 7.65002794812641 0 0
5.767604290702559 6.759266197695656 0 0
11.993206396146014 1.5862560862497297 0 0
11.681680614446845 6.3791314617343815 0 0
11.373107617022832 3.680743810543131 0 0
11.007373948702194 10.870764344255923 0 0
2.6163451543754777 0.14125601912894803 0 0
5.603927331688164 5.069698966907856 0 0
3.764026434589641 6.154459827209844 0 0
6.93819095222605 2.2137487602391004 0 0
9.624137100268518 11.569497126561785 0 0
4.3767463392741295 3.823807538709972 0 0
2.505475158366999 3.5367804854860334 0 0
4.319847002295724 0.9749268072766704 0 0
6.841816177932188 9.344399393679886 0 0
9.844149174587669 6.348829006859055 0 0
7.395851336042123 10.44777633469245 0 0
10.499851879636038 7.936517630153181 0 0
10.205412792136482 1.9234070489364958 0 0
8.01782384336039 8.43121149250011 0 0
7.406412132291658 9.97400165061171 0 0
2.08640917222277 0.024010585954093333 0 0
1.590603062949159 9.646725999409147 0 0
9.17149062903158 10.168582064412291 0 0
2.228416962187184 1.9279902944778429 0 0
7.882882759761575 6.589848045346905 0 0
2.8964061693940737 6.183718426218956 0 0
9.703234592968299 4.554954456709257 0 0
1.0067379195887547 9.901608278784993 0 0
11.007404884776745 11.362554392826897 0 0
9.384363421554557 8.842049845900254 0 0
10.209222960824611 2.878321783715123 0 0
1.5268523208271438 3.627971931608044 0 0
6.171768196725643 3.0153986231437773 0 0
5.566314641065967 3.8803448667593488 0 0
3.3445802436887178 9.090579210607743 0 0
10.459360391978109 11.56599257801945 0 0
1.768906079973525 6.3510764230076475 0 0
5.696982006738478 2.3393708607300865 0 0
9.819635638567789 10.366797856053003 0 0
6.646992574964969 5.306669544796252 0 0
6.578263616453945 3.8509873007254583 0 0
5.971257949389794 10.814215835284893 0 0
8.731192114204315 1.1407313108358283 0 0
0.4863427268168343 7.764238366559443 0 0
3.61102835649284 2.159396698999733 0 0
8.9674055096373 2.3359758058512927 0 0
4.484906921138714 8.39876089616836 0 0
11.596854829412132 5.356623585254736 0 0
10.70191927152279 6.74867084363612 0 0
0.3737707815297848 11.738035107706844 0 0
4.188710977155125 11.959850476890137 0 0
11.840843061784959 7.993351960184588 0 0
6.681970826230295 0.8552787618411135 0 0
6.532135059158062 7.986154180062522 0 0
1.429629189345992 0.40206186926873855 0 0
8.701918234895269 7.543247757085444 0 0
9.05515199138263 4.194339239827058 0 0
8.822483301233609 5.513331314986314 0 0
10.840566556930465 9.277477591221892 0 0
2.126843025501414 7.778630091022775 0 0
0.4783658595685334 3.34812558893561 0 0
5.9190287233425085 10.178697474015562 0 0
4.03522044919777 10.123296336417097 0 0
9.29946735207226 3.3599340129570225 0 0
8.021863101851611 0.7872326796869578 0 0
3.5188359051619917 3.7110346264594813 0 0
1.2294369753145307 5.317210684221039 0 0
4.688826526853906 2.2859898906636054 0 0
1.0120968452406713 1.0067757242567121 0 0
2.459016812754351 4.76319472645092 0 0
6.8184429962541655 10.7210873378049 0 0
1.2891604669094914 10.622102389367948 0 0
0.570316461301946 10.221710731853204 0 0
4.9893766058082765 0.8253032281868049 0 0
2.179697046914607 0.9111592872024796 0 0
8.2379682851243 11.356020370240772 0 0
8.891532167529352 3.501596052514121 0 0
3.780868208089717 9.368842497756845 0 0
9.018949970735184 4.956876451556367 0 0
0.8271204309897069 2.80307766222604 0 0
4.165374870992213 2.8247071112519446 0 0
2.8350652591559427 0.8423791520062531 0 0
7.725720718023329 2.558231321555229 0 0
2.4364978164492532 2.725105186327385 0 0
4.794889087275676 4.71106340922532 0 0
3.2376989963984113 3.2664628122586796 0 0
2.467512800454348 8.72287481759536 0 0
11.76483017297653 2.450046735421672 0 0
4.622006505291189 5.83171438292292 0 0
7.7010592255112655 1.8054525462606863 0 0
11.671968578453008 10.961175539454691 0 0
8.749681393424474 6.350571518263601 0 0
t1
