100
12
1.5
0
0.3044500341994078
0.27998670186206553
0.594613752576903
0.7891019239397425
0.3877168840952263
0.7276201157067371
0.37271174384411654
0.3252969086995259
0.646062473790272
0.6279060320957778
0.5773549490413907
0.6700355668736044
0.12840526658243465
0.37907783867471523
0.26086249157419195
0.16804917377637585
0.21980744025187543
0.535107879117695
0.213055314260931
0.45934994819950636
0.34429075140828097
0.5300073831370358
0.761757189817619
0.13685562559806072
0.6507299456918532
0.7568805273942157
0.5241613086767085
0.11115329402724107
0.10457465709534067
0.2328147094966336
0.12290781091712466
0.3711203668390789
0.6009446934629986
0.3502512970754016
0.35808743963312994
0.17165465103653865
0.23908407080441915
0.579012365132711
0.15184441315064148
0.15177158360955606
0.10194469374923418
0.46168683926265597
0.2277865370953199
0.14593877027889474
0.6126699635058369
0.527441353308859
0.1657767599742135
0.25186796212318485
0.42716195896548637
0.4231542754374462
0.13511254420268995
0.49336185416482936
0.5163129649572389
0.4037452320165228
0.2502211071177774
0.24114451564127865
0.16882774276029186
0.38201804375790804
0.5097845632354805
0.10046261432716452
0.7855579190435181
0.3242042993581414
0.20414587573790535
0.5057450256147433
0.29632734588722054
0.11684425192476185
0.4764323586182866
0.1961775958612833
0.27390108116169776
0.18739540560138376
0.39700155455216957
0.1997804489104895
0.26865995502684414
0.20329855980494158
0.4130380458342614
0.13746096306350308
0.13092623395504963
0.2993739553093021
0.34490511533231305
0.2392738828192641
0.29555998797539595
0.3326082521788677
0.2419105583604028
0.5380402438147656
0.1785382037130197
0.1380300128968923
0.11891555624253541
0.1741983379800856
0.18375561228979087
0.29515133027762197
0.19552111551871476
0.3467370445515704
0.1561892210121641
0.2214593061140971
0.6422432283184473
0.24710390496615495
0.36903423525212176
0.30668273151043113
0.27632551120396753
0.17704684203258986
